""	"ASV1"	"ASV2"	"ASV3"	"ASV4"	"ASV5"	"ASV6"	"ASV7"	"ASV8"	"ASV9"	"ASV10"	"ASV11"	"ASV12"	"ASV13"	"ASV14"	"ASV15"	"ASV16"	"ASV17"	"ASV18"	"ASV19"	"ASV20"	"ASV21"	"ASV23"	"ASV24"	"ASV25"	"ASV26"	"ASV27"	"ASV29"	"ASV30"	"ASV31"	"ASV32"	"ASV33"	"ASV34"	"ASV35"	"ASV36"	"ASV37"	"ASV38"	"ASV39"	"ASV40"	"ASV41"	"ASV42"	"ASV43"	"ASV45"	"ASV46"	"ASV47"	"ASV48"	"ASV49"	"ASV50"	"ASV51"	"ASV52"	"ASV53"	"ASV54"	"ASV55"	"ASV56"	"ASV57"	"ASV58"	"ASV59"	"ASV60"	"ASV61"	"ASV62"	"ASV63"	"ASV64"	"ASV65"	"ASV66"	"ASV68"	"ASV69"	"ASV70"	"ASV71"	"ASV73"	"ASV74"	"ASV75"	"ASV76"	"ASV77"	"ASV78"	"ASV79"	"ASV80"	"ASV81"	"ASV82"	"ASV83"	"ASV84"	"ASV85"	"ASV86"	"ASV87"	"ASV88"	"ASV89"	"ASV90"	"ASV91"	"ASV92"	"ASV94"	"ASV95"	"ASV96"	"ASV97"	"ASV98"	"ASV99"	"ASV102"	"ASV104"	"ASV105"	"ASV108"	"ASV109"	"ASV110"	"ASV111"	"ASV113"	"ASV114"	"ASV115"	"ASV116"	"ASV117"	"ASV120"	"ASV121"	"ASV123"	"ASV124"	"ASV125"	"ASV128"	"ASV130"	"ASV133"	"ASV135"	"ASV136"	"ASV137"	"ASV138"	"ASV140"	"ASV144"	"ASV145"	"ASV146"	"ASV147"	"ASV152"	"ASV153"	"ASV157"	"ASV159"	"ASV160"	"ASV161"	"ASV162"	"ASV164"	"ASV165"	"ASV167"	"ASV169"	"ASV170"	"ASV171"	"ASV172"	"ASV173"	"ASV174"	"ASV175"	"ASV176"	"ASV178"	"ASV184"	"ASV186"	"ASV187"	"ASV188"	"ASV189"	"ASV190"	"ASV191"	"ASV192"	"ASV196"	"ASV198"	"ASV200"	"ASV201"	"ASV203"	"ASV208"	"ASV211"	"ASV216"	"ASV217"	"ASV222"	"ASV225"	"ASV228"	"ASV231"	"ASV234"	"ASV237"	"ASV238"	"ASV241"	"ASV246"	"ASV247"	"ASV248"	"ASV252"	"ASV256"	"ASV260"	"ASV261"	"ASV263"	"ASV267"	"ASV271"	"ASV274"	"ASV288"	"ASV293"	"ASV297"	"ASV300"	"ASV306"	"ASV307"	"ASV315"	"ASV318"	"ASV326"	"ASV331"	"ASV337"	"ASV339"	"ASV342"	"ASV355"	"ASV363"	"ASV370"	"ASV392"	"ASV393"	"ASV409"	"ASV421"	"ASV436"	"ASV507"
"1A"	0	0	0	0	0	14	0	0	0	0	153	0	0	0	0	993	0	0	0	0	35	0	0	34	0	12	236	37	0	0	352	0	0	0	0	25	0	0	0	0	0	0	0	0	0	0	8	0	0	0	40	0	0	0	0	11	0	0	0	0	0	0	0	0	0	0	8	0	0	0	0	0	0	0	0	0	0	0	0	0	3	0	0	0	16	0	0	0	0	0	0	0	0	0	0	0	0	0	0	0	0	0	0	0	0	0	0	0	0	0	0	0	0	0	0	0	0	0	0	29	0	0	0	0	0	0	0	0	0	96	0	0	0	0	0	0	0	0	0	0	0	0	0	12	0	0	0	0	39	0	0	0	0	0	0	0	0	0	0	0	0	0	0	0	0	0	0	19	0	0	0	0	0	0	0	0	0	0	0	0	0	12	0	0	0	0	0	0	0	0	0	0	0	0	22	0	0	0	0
"2A"	0	0	0	75	0	85	65	0	0	0	90	0	0	0	56	87	0	0	0	0	0	0	0	48	0	68	42	24	0	0	34	0	0	0	0	40	0	0	29	0	0	0	0	0	0	0	0	0	33	0	33	0	0	9	0	0	0	0	13	0	0	0	0	57	0	0	0	0	0	0	0	0	8	0	0	0	0	0	16	0	0	0	0	0	22	22	0	0	0	0	0	0	0	0	0	13	0	0	0	0	0	0	10	0	0	0	0	0	0	0	16	0	0	0	0	0	0	0	0	58	0	0	4	0	0	0	0	0	0	0	0	11	0	0	0	0	0	0	0	0	0	0	0	16	0	0	0	10	0	36	0	18	0	0	0	0	0	0	0	0	0	0	0	0	0	0	0	11	0	11	0	0	0	0	0	0	0	0	0	0	0	0	0	0	0	0	0	0	0	0	0	0	0	0	11	14	0	0	0
"3A"	0	0	0	0	0	0	25	0	0	0	0	0	0	0	36	240	0	0	0	0	0	0	0	6	0	13	102	23	0	0	125	0	0	0	0	0	0	0	0	0	0	0	0	0	0	0	0	0	0	0	38	0	0	10	0	0	0	0	0	0	0	0	0	0	0	0	0	0	6	0	0	0	29	0	0	0	0	0	11	0	0	0	0	0	0	17	0	0	0	0	0	0	0	0	6	0	0	0	0	0	0	0	0	0	0	0	0	0	0	0	0	0	0	0	0	0	0	0	0	0	0	0	0	0	0	0	0	0	0	18	0	0	0	0	0	0	0	0	0	0	0	0	0	4	0	0	0	0	0	0	0	73	0	0	0	0	0	0	0	0	0	0	0	0	0	0	0	0	0	0	0	0	0	0	0	0	0	0	0	0	0	0	0	0	0	0	0	0	0	0	0	0	0	0	11	0	0	0	0
"5A"	6	0	0	55	0	41	0	0	0	0	79	0	0	0	41	138	0	0	0	0	11	0	0	24	0	46	58	158	0	0	105	0	0	0	0	33	0	0	0	0	0	0	0	0	0	0	7	0	22	0	52	0	0	0	0	0	0	0	9	0	0	0	0	20	0	0	6	0	0	0	0	0	0	0	0	0	0	0	14	0	4	0	0	0	0	0	0	2	0	0	0	0	0	0	0	0	0	9	0	0	0	0	0	0	0	0	0	0	0	0	0	0	0	0	0	0	0	0	0	0	0	0	0	0	0	0	0	5	0	0	0	0	0	0	0	0	0	0	0	0	0	0	0	6	0	0	0	0	0	0	0	0	0	0	0	0	0	0	0	0	0	0	0	0	0	0	0	0	0	0	0	0	0	0	0	0	0	0	0	0	0	18	0	0	0	0	0	0	0	0	0	0	0	0	12	0	0	0	0
"6A"	0	0	0	55	0	121	108	6	0	0	64	0	0	0	193	89	0	0	0	0	55	0	18	132	0	68	79	164	0	0	87	0	0	0	0	70	0	0	41	0	0	0	0	0	0	0	0	70	103	0	168	21	0	32	0	0	0	0	9	0	0	0	0	27	0	30	28	0	22	0	33	0	31	0	0	0	0	0	10	0	0	0	0	0	24	39	0	0	0	0	0	7	0	0	28	24	0	0	0	0	0	0	9	0	0	0	0	0	0	0	0	0	0	0	38	34	0	0	0	54	0	0	0	0	0	0	0	0	0	15	0	0	0	0	0	0	0	0	0	0	0	0	0	0	0	0	0	0	0	19	0	62	0	15	0	0	25	0	0	0	0	0	0	0	0	0	0	33	0	0	0	0	0	0	0	0	0	0	0	0	0	0	0	0	0	0	0	0	0	0	5	0	0	0	0	0	0	0	0
"7A"	0	0	0	16	0	0	0	0	0	0	0	0	0	0	0	18	0	0	0	16	0	0	0	12	0	0	0	95	0	0	30	6	0	0	0	0	0	0	0	0	0	0	0	0	0	0	0	11	13	0	48	0	0	0	0	0	0	0	0	0	0	0	0	0	0	0	0	0	8	0	0	0	0	0	0	0	0	0	0	0	2	0	0	0	0	0	0	0	0	0	0	0	0	0	0	0	0	0	0	0	0	0	0	0	0	0	0	0	0	0	0	0	0	3	0	0	0	0	0	0	0	0	0	0	0	0	0	0	0	7	0	0	0	0	0	0	0	0	0	0	0	0	0	0	0	0	0	7	0	0	0	36	0	0	0	0	0	0	0	0	0	0	0	0	0	0	0	0	0	0	0	0	0	0	0	0	0	0	0	0	0	0	0	0	0	0	0	0	0	0	10	0	0	0	0	0	0	0	0
"8A"	14	0	64	67	0	117	44	0	0	0	8	0	0	0	55	703	0	0	0	0	136	0	24	199	0	65	425	9	0	0	672	74	5	0	0	40	0	0	81	0	0	0	0	0	0	0	0	0	38	0	52	4	0	31	0	0	0	0	140	0	0	0	0	45	0	37	67	0	31	0	0	0	0	0	0	0	0	0	35	0	73	37	0	0	33	0	0	0	0	55	0	6	0	0	57	34	0	37	3	0	0	0	25	0	0	0	0	0	0	0	0	0	0	0	0	53	0	0	0	0	0	0	12	0	0	0	0	9	0	47	0	0	25	0	0	0	0	0	0	0	25	0	0	24	0	0	0	13	0	0	0	71	0	0	0	0	29	0	0	0	0	0	0	0	0	0	0	20	0	0	3	0	24	0	0	0	0	0	0	0	0	0	0	0	0	0	0	0	0	0	0	0	0	0	31	0	0	0	0
"10A"	0	0	26	0	0	40	24	0	0	0	0	0	0	0	86	61	0	0	0	0	26	0	0	18	0	43	371	25	0	0	124	17	0	0	0	0	0	0	40	0	0	0	0	0	0	0	0	0	29	0	0	7	0	0	0	0	0	0	0	0	0	0	0	13	0	10	10	0	35	0	0	0	309	0	0	0	0	0	0	0	0	0	0	0	0	0	0	0	0	0	0	10	827	0	0	23	0	0	0	0	0	0	0	0	0	0	0	0	0	0	0	0	0	0	0	0	0	0	0	28	0	0	8	0	0	0	0	0	0	38	0	0	0	0	0	0	0	0	0	0	0	0	0	21	0	0	4	2	0	17	0	0	0	0	0	0	0	0	0	0	0	0	0	0	0	299	0	9	0	0	0	0	0	0	0	0	0	0	0	0	0	0	0	0	175	0	0	0	0	0	0	0	0	0	0	52	0	21	0
"2D"	275	1346	4257	0	24	11	0	437	1932	1079	0	892	313	1618	6	369	876	189	307	123	60	113	255	0	148	0	128	0	1151	0	136	0	398	285	0	0	271	249	0	79	1323	41	87	311	149	1169	0	0	0	872	0	499	0	0	0	198	57	77	15	600	0	216	39	0	0	0	0	306	0	580	0	419	0	332	22	0	282	148	0	317	0	0	0	0	0	0	204	105	0	0	95	10	0	30	0	0	18	0	45	0	324	0	0	0	0	85	0	0	0	76	0	343	219	0	0	0	0	34	220	0	43	152	0	417	352	0	69	0	0	27	0	0	0	57	0	0	0	22	52	0	0	51	0	0	72	0	0	0	0	0	0	0	82	0	0	0	0	0	0	0	0	0	0	0	257	0	0	0	96	0	0	0	0	0	0	0	0	60	0	0	39	0	0	0	0	57	0	0	0	0	0	0	0	0	0	0	0	0	0
"7D"	107	141	53	0	38	70	78	388	182	90	103	585	79	0	128	577	260	310	1924	310	62	126	159	28	219	37	1274	16	0	21	850	39	938	278	2124	0	450	0	58	543	0	139	119	24	40	0	24	0	51	0	75	22	0	24	0	0	52	0	0	148	628	37	673	0	0	18	16	10	11	0	0	0	240	46	39	0	0	235	0	11	10	0	348	34	31	11	115	84	0	17	0	91	289	161	0	35	7	0	72	0	0	0	0	38	0	37	533	202	81	166	0	0	0	0	0	0	24	54	0	0	168	0	0	0	0	0	0	0	351	142	79	0	0	34	105	159	285	0	45	338	0	28	239	43	0	406	0	14	0	108	0	0	67	0	0	258	0	0	229	0	138	171	0	0	0	51	223	0	0	0	250	164	0	0	0	0	167	0	141	256	0	0	0	161	36	86	0	0	208	0	0	144	92	174	67	78	0	120	0
"8D"	14507	1827	496	0	3668	0	0	3372	113	1825	4	515	0	0	0	161	23	1101	501	319	96	196	1438	0	789	0	341	0	0	3746	191	0	0	1024	0	0	165	0	0	32	0	0	78	22	33	5	0	10	5	19	56	346	2081	0	1729	80	66	494	0	41	125	229	197	0	1685	5	0	162	0	48	0	422	0	0	474	0	255	142	0	17	0	0	0	0	0	0	514	0	423	0	622	11	29	37	0	0	20	0	32	0	8	0	0	0	0	491	0	0	60	47	0	0	18	0	0	0	5	43	94	0	50	0	0	0	0	193	0	0	18	32	87	0	0	23	83	68	0	124	175	0	0	47	18	0	206	0	414	7	0	0	0	0	0	0	0	11	0	0	77	0	5	20	0	139	0	0	0	0	62	0	0	61	0	300	308	0	0	78	23	0	154	0	0	0	0	0	0	0	0	0	0	0	37	0	0	0	0	9	0
"9D"	0	985	196	0	0	0	0	289	569	218	3	557	0	588	0	0	0	236	130	0	0	697	0	0	110	0	0	4	0	0	0	0	0	0	0	0	74	0	0	71	0	0	73	3	0	0	0	0	0	5	0	0	0	0	0	82	110	0	0	0	0	348	71	0	0	0	0	71	0	0	0	103	0	0	186	0	38	22	0	0	0	0	0	187	0	0	0	7	0	0	0	0	0	22	0	0	0	0	0	0	0	0	0	0	0	0	0	3	0	0	0	0	0	0	0	0	5	0	0	0	15	0	0	0	0	0	59	0	0	0	0	0	0	0	0	4	0	17	0	0	0	0	0	10	0	0	0	0	0	0	0	0	0	0	0	0	0	0	0	0	0	0	0	0	0	0	0	0	0	0	0	5	0	0	0	0	0	0	0	0	0	0	0	0	0	0	0	0	0	0	0	0	0	0	0	0	0	0	0
"10D"	9	0	0	10	0	14	0	0	0	0	0	0	184	0	0	14	0	0	0	0	162	9	0	32	0	10	21	0	0	0	39	0	0	0	0	0	0	17	0	30	42	0	0	0	8	0	0	0	0	8	132	7	0	13	0	0	0	0	0	0	0	0	0	0	0	0	0	0	0	0	0	0	0	0	12	0	0	0	0	0	0	0	0	0	6	0	0	21	0	0	0	0	0	0	14	7	16	0	32	0	0	0	0	0	126	0	0	15	0	0	0	0	0	0	0	0	126	0	0	0	0	0	0	0	0	5	0	0	0	0	0	0	0	18	0	0	0	0	0	0	0	0	0	0	0	0	0	0	0	0	162	21	0	0	0	0	0	0	0	0	0	0	0	0	0	0	0	9	0	0	0	0	0	0	0	0	0	0	0	0	0	0	0	0	0	0	0	0	0	0	0	0	0	0	0	3	0	0	0
"1H"	0	0	0	32	0	38	0	0	0	0	532	0	0	0	14	403	0	0	0	0	52	0	20	38	0	0	64	23	0	0	127	0	0	0	0	0	0	0	44	0	0	0	0	0	0	0	0	0	7	0	65	0	0	0	0	0	0	0	27	0	0	0	0	0	0	34	20	0	15	0	0	0	0	0	0	0	0	0	0	0	25	0	0	0	14	0	0	0	0	0	0	0	0	0	0	13	84	0	0	0	0	10	0	0	0	0	0	0	0	0	73	0	0	0	0	0	0	0	0	0	0	0	0	0	0	0	0	0	0	39	0	22	0	0	0	0	0	0	0	0	0	0	0	0	0	0	0	11	0	0	0	0	0	0	0	0	0	0	0	9	0	0	0	0	0	0	0	8	0	0	0	0	0	0	0	0	0	0	0	0	0	0	0	0	0	0	0	0	0	0	0	0	0	0	0	0	0	0	0
"2H"	13	0	81	277	0	825	173	0	0	0	3808	0	0	0	63	9	0	15	19	0	551	0	0	1277	0	402	0	39	0	0	0	221	13	0	0	67	0	0	536	0	0	0	0	0	0	0	673	316	191	0	52	0	0	104	0	0	0	0	1020	0	0	0	0	252	0	650	341	0	164	0	446	0	303	0	0	442	0	0	68	0	171	257	0	0	211	96	0	41	0	296	0	39	0	0	365	346	2	128	0	992	0	615	80	165	0	0	0	0	0	0	7	0	0	160	119	62	13	0	0	0	0	0	111	0	0	0	0	195	0	8	0	87	135	0	0	0	0	0	0	0	270	14	8	45	0	0	0	124	103	0	0	0	0	127	148	0	63	144	0	0	0	0	16	0	0	0	0	11	0	56	0	0	92	0	0	295	0	9	0	0	0	0	169	0	0	0	122	153	0	207	128	0	0	0	0	0	156	0	116
"3H"	0	0	0	0	0	0	0	0	0	0	7	0	0	0	0	5	0	0	0	0	0	0	0	0	0	0	0	0	0	0	0	0	0	0	0	0	0	0	0	0	0	0	0	0	0	0	0	0	0	0	0	0	0	0	0	0	0	0	0	0	0	0	0	0	0	0	0	0	0	0	0	0	0	0	0	0	0	0	0	0	0	0	0	0	0	0	0	0	0	0	0	0	0	0	0	0	0	0	0	0	0	0	0	0	0	0	0	0	0	0	10	0	0	0	0	0	0	0	0	0	0	0	0	0	0	0	0	0	0	0	0	0	0	0	0	0	0	0	0	0	5	0	0	0	0	0	0	0	0	0	0	0	0	0	0	0	0	0	0	0	0	0	0	0	0	0	0	0	0	0	0	0	0	0	0	0	0	0	0	0	0	0	0	0	0	0	0	0	0	0	0	0	0	0	0	0	0	0	0
"4H"	0	0	22	93	0	268	55	0	0	0	170	0	0	0	12	8	0	0	0	0	233	0	0	265	0	119	0	0	0	0	0	79	0	0	0	39	0	0	219	0	0	0	0	0	0	0	268	145	61	0	0	0	0	27	0	0	0	0	31	0	0	0	0	54	0	198	83	0	24	0	156	0	119	0	0	72	0	0	0	0	76	91	0	0	53	38	0	0	0	121	0	16	0	0	112	64	34	34	0	0	0	0	11	80	0	0	0	0	0	0	41	0	0	0	0	0	0	0	0	0	0	0	32	0	0	0	0	37	0	0	0	32	65	0	0	0	0	0	0	0	53	0	0	0	0	0	0	29	0	16	0	0	0	47	69	0	34	49	0	0	0	0	0	0	0	0	0	9	0	25	0	0	21	0	0	0	0	0	0	0	0	0	0	0	0	0	59	0	0	0	0	0	0	0	0	0	0	0	0
"5H"	0	0	0	34	0	0	0	0	0	0	29	0	0	0	2	0	0	0	0	0	7	0	0	7	0	0	0	18	0	0	0	12	0	0	0	0	0	0	0	0	0	0	0	0	0	0	0	0	0	0	16	0	0	0	0	0	0	0	15	0	0	0	0	0	0	0	0	0	0	0	0	0	0	0	0	8	0	0	0	0	0	0	0	0	0	6	0	0	0	0	0	0	0	0	0	0	0	0	6	0	0	0	0	0	0	0	0	0	0	0	0	0	0	0	0	0	0	0	0	0	0	0	6	0	0	0	0	0	0	0	0	0	0	0	0	0	0	0	0	0	0	0	0	0	0	0	0	0	0	0	0	0	0	0	0	0	0	0	0	0	0	0	27	0	0	0	0	21	0	0	0	0	0	0	0	0	0	0	0	0	0	0	0	0	0	0	0	0	0	0	0	0	0	0	0	0	0	0	0
"6H"	0	0	0	0	0	0	0	0	0	0	0	0	0	0	0	50	0	0	0	0	57	0	0	0	0	0	9	2	0	0	27	0	0	0	0	9	0	0	0	0	0	0	0	0	0	0	0	0	0	0	61	0	0	0	0	0	0	0	6	0	0	0	0	0	0	0	0	0	0	0	8	0	0	0	0	0	0	0	0	0	5	0	0	0	8	0	0	0	0	0	0	0	0	0	8	0	4	0	0	0	0	0	0	0	0	0	0	0	0	0	0	0	0	0	0	0	0	0	0	0	0	0	0	0	0	0	0	0	0	0	0	0	0	0	0	0	0	0	0	0	0	0	0	0	0	0	0	0	0	0	0	0	0	0	0	0	0	0	0	0	0	0	0	0	0	0	0	0	0	0	0	0	0	0	0	0	0	0	0	0	0	0	0	0	0	0	0	0	0	0	0	0	0	0	0	0	0	0	0
"7H"	10	0	0	47	0	135	78	0	0	0	1203	0	0	0	2	46	0	0	0	0	394	0	0	154	0	108	0	27	0	0	0	61	0	0	0	0	0	0	69	0	0	0	0	0	0	0	54	0	38	0	96	5	0	26	0	0	0	0	150	0	0	0	0	69	0	92	104	0	15	0	114	0	170	0	0	66	0	0	23	0	66	39	523	0	72	40	0	0	0	60	0	6	0	0	47	54	597	0	0	0	0	28	18	0	0	0	0	0	0	0	0	0	0	0	0	61	0	0	0	0	0	0	34	0	0	0	0	23	0	0	0	0	17	0	0	0	0	0	0	0	34	0	0	0	0	0	0	14	0	0	0	0	0	0	11	0	0	0	0	323	0	0	0	0	0	0	0	0	0	25	0	0	17	0	0	0	0	0	0	0	0	77	0	0	0	0	0	0	0	0	0	0	0	0	0	0	0	0	0
"8H"	0	0	0	0	0	0	0	0	0	0	96	0	0	0	0	1387	0	0	0	0	61	0	0	41	0	5	665	0	0	0	503	0	0	0	0	0	0	0	42	0	0	0	0	0	0	0	0	0	11	0	54	0	0	0	0	0	0	0	4	0	0	0	0	0	0	12	9	0	9	0	28	0	0	0	0	0	0	0	20	0	8	0	0	0	11	0	0	0	0	0	0	6	0	0	0	12	0	0	0	0	0	0	0	0	0	0	0	0	0	0	0	0	0	10	0	0	0	0	0	91	0	0	0	0	0	0	0	0	0	59	0	0	7	0	0	0	0	0	0	0	0	0	0	58	0	0	0	0	0	50	0	48	0	0	0	0	0	0	0	0	0	0	131	0	0	0	0	89	0	0	0	0	0	0	0	0	0	0	0	0	0	0	0	0	0	0	0	0	0	0	0	0	0	0	19	0	0	0	0
"9H"	0	0	0	60	0	39	0	0	0	0	29	0	0	0	16	210	0	0	0	0	23	0	0	0	0	0	56	287	0	0	68	0	0	0	0	26	0	0	23	0	0	0	0	0	0	0	10	0	0	0	33	0	0	0	0	0	0	0	0	0	0	0	0	0	0	0	11	0	8	0	0	0	0	0	0	0	0	0	0	0	0	21	0	0	0	10	0	0	0	0	0	5	2	0	0	0	5	7	0	0	0	0	0	0	0	0	0	0	0	8	0	0	0	0	0	0	0	0	0	0	0	0	0	0	0	0	0	4	0	19	0	0	12	0	0	0	0	0	0	0	0	0	0	11	0	0	0	6	0	0	0	38	0	0	0	0	0	9	0	0	0	0	80	0	0	0	0	47	0	0	0	0	0	0	0	0	0	0	0	0	0	27	0	0	0	0	0	0	0	0	0	0	0	0	0	0	0	0	0
"10H"	0	0	0	31	0	0	0	0	0	0	19	0	0	0	24	803	0	0	0	0	0	0	0	15	0	31	456	0	0	0	437	0	0	0	0	0	0	0	26	0	0	0	0	0	0	0	26	29	0	0	0	9	0	16	0	0	0	0	8	0	0	0	0	6	0	10	7	0	18	0	0	0	0	0	0	0	0	0	0	0	0	0	0	0	0	0	0	0	0	27	0	0	0	0	0	0	0	0	0	0	0	0	0	0	0	0	0	0	0	0	0	0	0	10	0	0	0	0	0	0	0	0	0	0	0	0	0	0	0	55	0	0	0	0	0	0	0	0	0	0	0	0	0	0	0	0	0	0	0	0	0	78	0	0	0	0	0	0	0	0	0	0	79	0	0	0	0	52	0	0	0	0	0	0	0	0	0	0	0	0	0	0	0	0	0	0	0	0	0	0	0	0	0	0	0	0	0	0	0
